3,4,5,6
15,8,76,34,76,79,38,78,77,76,40,76,35,38,37,39,35,36,40,35,41,35,80,81,80,82,83,78,77,83,84,83,15,80,81,80,82,83,78,77,84,83
15,68
15,85,77,78,79,38,40,85,35,38,37,36,39,40,41,35,37,38,36,39,40,41,35,85,77,38,79,78,40,85,15
8,76,34,76,78,77,38,79,40,76,35,83,8,76,34,76,38,79,77,78,40,83,77,83,78,84,83,76,38,79,78,77,40,8
8,15,80,81,80,83,78,77,84,83,8,50
86,87,86,87,86,88,86,88,3,4,5,89,68,3,4,5,68,68,68,89,68,89,68,89,68,88,68,88,68,88,68,86,88,86,85,78,38,77,79,40,85,86,68,86,68,86,6,86,6
86,68,86,68
15,70,15,70,8,70,34,70,15,70,76,38,76,77,78,40,79,76,83,77,78,84,83,35,38,39,36,37,35,40,41,35,15,68
15,8,15,35,39,37,36,38,40,41,35,15,76,38,78,40,79,77,76,6,8,50
8,34,15,76,78,77,79,38,40,76,8,50
15,85,38,78,77,79,85,40,85,15
15,90,91,15,91,3,4,5,3,4,5,6,7,8,7
86,88,86,88,86
50,8,85,34,85,77,79,78,38,40,8
8,76,38,78,77,79,40,76,68
15,61,15,61
29,30,31,6
29,30,92,15,92
29,30
35,39,37,36,38,40,41,35,37,39,36,35,38,40,41,35,37,39,38,36,35,40,41,35
29,30
3,4,5,3,4,5,6
76,8,76,34,76,38,77,78,79,40,35,38,37,39,36,40,41,35,76,8,76,34,76,38,77,78,79,40,76,35,38,39,37,36,40,41,35,38,39,37,36,76,38,77,79,78,40,76,35,38,39,37,36,40,41,35
15,68,68,15
8,34,15,76,79,38,40,77,78,76,35,38,36,39,37,40,41,35,80,81,83,77,78,84,68
29,30,76,8,76,34,76,78,38,79,77,76,40,76
15,93,15,93,15,93,15,93
29,30
8,3,4,5,6,8,50
35,39,37,38,35,36,35,40,35,41,35,36,39,37,38,35,40,41,35,39,37,38,35,36,35,40,35,41,35,36,37,39,38,35,40,41,35
86,85,86,85,79,78,77,38,40,85,35,38,37,36,39,40,41,35,85,77,79,38,78,40,85,86
86,85,86,85,78,38,77,79,40,85,35,85,35,38,36,39,37,40,41,35,85,35,86
6,3,4,5
93,15,93,94,15,94,93,15
86,68,86,68,86,68,85,78,79,38,77,40,85,68,85,38,79,77,78,40,85,35,38,37,39,36,40,41,35,76,38,79,78,77,40,76,83,77,78,84,83,82
76,8,76,34,76,78,77,79,76,38,76,40,76,8,50
3,4,5,6,7,8,9,10,9,8,9,8,6
86,85,38,77,78,79,40,85,86,85,38,77,79,78,40,85,86,85,38,79,77,78,40,85,86,85,38,77,78,79,40,85,86,85,38,79,77,78,40,85,86,85,38,77,79,40,78,85,83,77,78,84,83,85,86
72,15,72,15,72,15
15,68,68
15,8,34,15,76,78,77,79,38,40,76,15,76,78,77,79,38,40,35,38,37,36,39,40,35,41,35,15,8,50,68,8,68,34,68,35,37,36,39,38,35,40,35,41,35,68,8
29,30,29,30
8,76,78,79,77,38,40,76,35,38,36,37,39,40,41,35,76,79,77,38,78,40,76,35,39,37,38,36,40,41,35,76,79,38,78,77,40,35,36,39,37,38,40,41,35
92,15,92,92,15,92,92,15,92,92,15,92,15,92,92,15,92,92,15,92,15,92,15,92,92,15,92,92,15,92,15,92,92,15,92
35,39,36,37,38,40,35,41,35,39,37,36,38,40,41,35,37,39,38,36,40,35,41,35,39,36,37,38,40,41,35,39,37,36,38,40,41,35,39,37,38,36,35,40,41,35,37,39,36,38,35,40,35,41,35,37,39,36,38,40,41,35,36,37,39,38,40,41,35,36,39,37,38,40,41,35,39,37,38,36,35,40,35,41,35,15,35,39,37,38,36,35,40,41,35,39,37,38,36,35,40,35,41,35,37,36,39,38,40,41,35,39,37,38,36,35,40,35,41,35,39,37,36,38,40,41,35,36,39,37,38,40,41,35,37,39,36,38,40,35,41,35,39,37,36,38,35,40,41,35,15,35,39,37,38,36,40,35,41,35,37,39,38,36,40,41,35,35,37,39,38,36,35,40,41,35,35,37,39,38,36,35,40,41,35,15,35,39,38,37,36,40,35,41,35,39,37,36,38,40,41,35,36,37,39,38,40,41,35,39,37,38,36,35,40,41,35,15,35,39,37,36,38,40,35,41,35,15,35,36,37,39,38,40,35,41,35,39,38,36,37,40,41,35,37,39,36,38,40,41,35,39,37,38,36,35,40,35,41,35,15,35,37,39,38,36,35,40,41,35,37,36,39,38,40,41,35,37,39,36,38,40,41,35,35,37,39,38,36,35,40,41,35,36,39,37,38,40,41,35,39,37,36,38,40,15,35,36,39,37,38,35,40,35,41,35,15,35,37,39,38,36,35,40,41,35,15,35,37,39,36,38,35,40,35,41,35,38,39,37,36,35,40,35,41,35
15,6,3,4,5,6,7,6,85,77,78,79,38,40,85,35,38,39,36,37,40,41,35,35,39,38,37,36,40,41,35,85,79,77,38,78,40,85,85,38,77,79,78,40,85,80,81,80,85,38,77,79,78,40,85,76,38,79,77,78,40,76,35,39,38,37,36,40,41,35,35,39,38,37,36,40,41,35,85,38,79,78,77,40,85,80,81,80,85,79,38,77,78,40,85,83,77,78,84,83,85,38,79,78,77,40,85,35,38,37,39,36,40,41,35,35,38,37,39,36,40,35,41,35,35,35,38,39,37,36,40,35,41,35,85,79,38,78,77,40,85,35,38,39,37,36,40,41,35,85,38,79,78,77,40,85,35,38,37,39,36,40,41,35,85,38,79,77,78,40,85,35,39,38,37,36,40,41,35,35,35,85,35,35,35,35,38,39,37,36,40,41,35,15,3,4,5,6,7,6,7,6,85,38,79,78,77,40,85,35,39,38,37,36,40,41,35,35,39,38,36,37,40,41,35,15,85,79,38,77,78,40,85,35,39,38,37,36,40,41,35,35,39,38,37,36,40,41,35,85,15,85,79,78,38,77,40,85,35,38,39,37,36,40,35,41,35,85,38,79,77,78,40,85,35,38,39,37,36,40,41,35,85,85,35,85,15,85,78,79,38,77,40,85,15,85,38,79,77,78,40,85,35,38,39,37,36,40,41,35,35,38,37,39,36,35,40,85,35,41,85,15,85,79,78,38,77,40,85,15
85,35,38,37,39,36,40,41,35,85,38,77,40,78,79,85,35,39,38,37,36,40,41,35,85,38,77,78,79,40,35,38,39,37,36,40,41,35,35,38,39,37,36,40,41,35,85,86,85,38,77,78,79,85,40
8,34,76,78,38,77,79,40,76,83,77,78,84,83
30,33
60,15,60,15
15,8,34,15,35,38,39,37,36,40,41,35,15,80,81,82,82,35,38,39,37,36,40,41,35,80,8,15,6
72,15,72
30,32,33
15,29,15,85,8,85,34,85,78,77,79,85,38,40,85,35,38,37,39,36,35,40,41,35,38,37,39,36,40,41,35,85,38,79,77,78,40,8,85,29,30,29
3,4,5,3,4,5,6
15,8,34,15,76,78,77,79,38,40,76,15,35,36,39,37,38,40,35,41,35
8,34,15,80,81,15
15,3,4,5,3,4,5,15,6,15,65
15,76,8,76,34,76,78,38,77,79,40,76,77,38,79,78,40,76
15,85,8,15,85,8,85,34,85,77,78,79,38,40,85