1,2,3,4,5,6,7,8,9,10,11,12,11,12,8,13,8,14,8,13,8,13,8
15,16
17,18,17,19,15,17,21,19,17
20,22,23,22,24,22,25,26,25,26
27,28,27,28,27
29,30,31,32,33,32,33
15,8,34,15,35,36,37,38,35,39,40,41,35,44,45,8,50,15,51,52,53,52,54,52,55,56,55,57,55,58,55,59,60,61,62,63,64,65 
66,18,66,67
8,35,34,35,37,38,39,35,36,40,35,41,35,37,38,39,36,35,40,41,35,37,38,39,36,35,40,41,35,35,37,36,38,39,40,35,41,35,68,69,68,35,38,37,39,36,35,40,41,35
70,71,15,71,15,72,15,73,72,15,72
29,30,74
15,75,15,75,15,75,15
6,8,6,76,38,77,78,79,76,40,76,35,38,39,37,36,35,40,35,41,35,76,38,79,77,78,76,40,76,8,50
86,86,86,85,38,77,85,78,79,40,85,85,15,85,38,79,77,78,40,85
15,85,38,85,77,78,79,40,85,15
15,83,8,83,34,83,78,77,84,83
15,76,8,76,34,76,78,77,79,38,76,40,76,35,38,37,36,39,35,40,35,41,35,80,81,80,82,83,78,77,83,84,83,83,80,81,80,82,82,8,50
86,86,3,4,5,6,7,6,8,7,8,34,86,85,78,79,77,38,40,85,8
86,85,86,85,38,78,77,79,40,85
15,3,4,5,15
92,15,92,29,30,31
8,34,35,38,39,37,36,35,40,41,35,83,77,78,83,84,83,6
15,6,3,4,5,5,3,4,5,5,6,3,4,5,3,4,5,6,15,85,38,78,77,79,40,85,85,38,79,77,78,40,85,35,38,39,37,36,40,41,35,85,35,85,38,77,79,78,40,85,15,29,29,6,29,15
15,8,34,15,3,4,5,3,4,5,3,4,5,6,7,6,7
9,76,78,38,40,76,68,3,4,5,6,3,4,5,93,15,93,3,4,5,3,4,5,6,7,7,34,6,15,3,4,5,6,7,6,76,78,79,77,38,40,76,76,38,79,77,78,40,76,76,79,77,38,78,40,76,79,77,38,78,40,76,6,7,6,15,6,8,6,34,6,7
15,3,4,5,68,68,15,3,4,5,3,4,5,3,4,5,3,4,5,3,4,5,68,6,3,4,5,6,7,8,7,34,6,7
35,8,35,34,35,38,36,37,39,35,40,41,35,83,78,77,83,84,83
15,85,38,78,77,79,40,85,15,29,15,85,79,38,77,78,40,85,15,29,15,85,79,78,38,77,40,85,85,80,81,82,80,35,39,37,35,36,38,40,35,41,35,37,36,39,35,38,40,35,41,35,39,37,38,36,40,41,35
15,3,4,5,3,4,5,3,4,5,3,4,5,3,4,5,6
15,76,78,38,77,79,40,76
76,8,76,34,76,78,38,79,77,76,40,76,8,50
15,3,4,5,6
15,85,78,79,77,38,85,40,85,77,79,38,78,40,85,15
30,32,33,32
15,70,71,15,71,71
15,35,8,35,34,35,39,37,36,38,35,40,35,41,35,82,82,8,50
15,75
86,86,3,4,5,5,6,3,4,5,5,3,4,5,5
8,76,8,15,35,8,15,76,8
15,85,8,85,34,85,79,77,78,38,40,85,35,38,37,39,36,40,35,41,35,38,39,37,36,40,35,41,35,85,38,77,79,78,40,85,38,77,79,78,40,8
6,3,4,5,3,4,5,3,4,5,6,7,8,7,34,8,50
15,8,34,15,35,37,38,36,39,35,40,35,41,35,80,81,80,35,38,36,39,37,35,40,35,41,35,8,50
15,85,78,79,38,77,40,85,85,38,79,77,40,78,85,85,38,78,79,77,40,85,85,38,77,79,78,40,85,85,38,79,78,77,40,85,85,79,77,38,78,40,85
15,3,4,5,3,4,5,3,4,5,3,4,5,3,4,5,3,4,5,3,4,5,3,4,5,6,15,3,4,5,6,15,3,4,5,6,15,3,4,5,3,4,5,3,4,5,3,4,5,3,4,5,3,4,5,3,4,5,6,3,4,5,6,15,6,7,8,8,6,15,6,7
86,6,86,6,85,8,85,78,38,85,86,40,86,85,83,84,78,83,80,81,80,83,84,78,83,80,81,80,83,84,78,83,85,38,78,40,85,8
15,35,8,35,34,35,39,36,37,38,40,35,41,35,8
15,9,15
76,8,76,34,76,78,38,77,76,79,40,76,83,77,78,83,84,83,68,76,79,38,77,78,40,76,68,76,79,38,78,77,76,40,76,83,84,77,78,83,76,38,79,77,78,76,40,76,68,15
15,76,8,76,34,76,78,77,76,38,79,40,76,8,50,76,8,76,34,76,79,77,78,38,76,40,76,8,50,15,76,8,76,77,38,78,79,76,40,76,82,76,83,78,77,83,84,83,8,50
29,30,29
76,78,77,79,38,40,76,79,77,38,78,40,76,83,83,77,78,83,84,83
15,72,15,72,15
15,6,15,3,4,5,3,4,5,15,68,6,15,6,7,8,7,34,8,50,50,8,8,7,8,7,8,8,7,8,7,8,6,15,8,34,15,35,38,37,36,35,39,35,40,41,35,8,50,35,8,15,8,15
29,30
86,86,86
50,15,85,8,85,34,85,38,79,78,77,85,40,85,35,38,37,39,36,40,41,35,35,38,37,36,39,40,41,35,35,38,37,39,36,40,41,35,35,38,37,39,36,40,41,35,85,38,79,78,77,40,85,83,77,78,84,83,85,38,79,77,78,40,85,8
15,35,8,35,38,39,36,37,35,40,41,35,83,78,83,84,83,80,81
15,76,8,76,34,76,78,38,77,79,40,76
85,35,38,37,36,39,40,41,35,85,38,78,77,79,40,85,15,85,79,38,78,77,85,40,15
8,35,8,35,34,35,38,37,39,36,35,40,35,41,35,37,39,36,38,35,40,35,41,35,80,81,80,82,82,8,50
76,78,38,77,79,76,40,76
92,15,92,15,92,15,92,15,3,4,5,3,4,5
86,70,15,70,70,86
86,86,86,85,86,85,38,77,78,79,40,85,86
8,34,15,35,37,38,39,36,40,35,41,35
70,15,70,15,70
15,85,38,77,78,79,40,35,38,37,39,36,40,41,35,85,38,77,79,78,40,85,15,85,77,78,79,38,40,35,38,39,37,36,35,40,35,41,35,15
8,68,34,68,8,50
15,76,8,76,34,76,77,38,78,79,40,76,83,77,78,83,84,83,8,50
15,92,15,92,15,3,4,5,3,4,5,3,4,5,3,4,5,3,4,5,3,4,5,3,4,5,3,4,5,3,4,5,3,4,5,3,4,5,3,4,5,15,3,5,3,4,5,3,4,5,3,4,5,15,6,15,3,4,5,6,7,8,7,34,29,30
86,86,85,78,77,79,38,40,85,35,38,37,36,35,39,40,41,35,85,77,79,38,78,40
15,68,68,68,6,15
15,3,4,5,3,4,5,3,4,5,3,4,5,3,4,5,6,7,8,9,10,8,9,10,11,12,11,12,7,34
15,85,38,77,79,78,40,85,15
70,15,70,15,70,15,70
15,6
29,30
15,8,15,35,38,37,36,39,35,40,41,35,83,78,77,83,84,83,15,80,81,83,78,77,83,93,84,93,15,93,35,37,38,39,35,36,40,41,35,83,84,77,78,83
86,68,86,68,68,3,4,5,6,7,6
50,85,8,85,34,85,38,78,77,79,85,40,85,6,15,3,4,5,3,4,5,6,85,79,38,78,77,40,85,6,7,6,3,4,5,6,3,4,5,5,6,15,6,15,3,4,5,6,7,6,85,79,78,77,38,40,8,85
8,76,34,76,78,38,77,79,40,76,8,50
6,8,6,34,68,68,35,38,36,37,39,40,41,35
15,8,34,15,76,38,77,78,40,79,83,77,83,78,84,6,83,84,77,78,83,3,4,5,3,4,5,3,4,5,15,3,4,5,3,4,5,3,4,5,15,3,4,5,6,7,15,35,38,36,37,35,39,40,41,35,35,38,37,36,39,35,40,41,35,35,38,37,36,39,35,40,41,35,15
15,35,8,35,34,35,38,36,37,39,40,41,35,76,38,77,78,79,40,76,76,35,38,37,39,36,40,41,35,15,35,8,35,34,35,38,36,37,39,40,41,35
92,15,92
35,8,35,34,35,39,37,38,36,35,40,41,35,83,77,78,83,84,83,3,4,5,6,15,6,15,6
29,30,32,33
15,85,78,77,38,79,40,85,35,38,36,37,39,40,41,35,85,79,38,78,77,40,85
86,68,86,68,68,68,68,68,15,68,86
93,15,93,93,15
15,35,8,35,34,35,37,36,35,38,39,40,41,35,35,38,37,36,35,39,40,35,41,35,35,37,38,35,39,36,35,40,41,35,3,4,5,3,4,5,3,4,5,3,4,5,3,4,5,3,4,5,3,4,5,3,4,5,3,4,5,3,4,5,3,4,5,3,4,5,3,4,5,3,4,5,3,4,5,3,4,5,3,4,5,3,4,5,3,4,5,3,4,5,3,4,5,3,4,5,3,4,5,3,4,5,3,4,5,3,4,5,3,4,5,3,4,5,6,8,50
15,6
68,68
15,6,85,77,78,38,79,85,35,40,35,38,37,39,36,40,41,35,82,35,35,39,38,37,36,40,41,35,15,6,85,79,77,78,38,40,85,35,38,39,37,36,40,41,35,15,85,77,78,79,38,40,85,35,38,37,39,36,40,41,35,85,35,85,77,38,79,78,40,85,85,77,79,38,78,40,85,85,85,38,79,77,78,40,85,35,38,36,39,37,40,41,35,76,38,79,78,77,40,76,76,85,79,38,78,77,40,85,15,6,85,79,78,38,77,40,85,35,38,36,37,39,40,41,35,15,85,79,38,78,77,40,85,15,85,79,78,77,38,40,85,35,38,37,36,39,40,41,35
86,86,85,77,38,78,79,40,85,86,86,85,38,77,78,79,40,85
8,76,34,76,78,79,77,76,38,40,76,8
29,30,15,29,30,32,33,74
60,15,60,60,15,60
68,6,7,68,35,37,39,38,36,35,40,41,35,82,35,35,38,36,37,39,35,40,35,41,35,35,68,35,37,39,38,36,35,40,41,35,35,35,35,38,37,39,36,40,35,41,35,35,38,37,39,36,35,40,35,41,35,35,37,39,38,36,35,40,35,41,35,78,84,77,35,38,37,39,36,35,40,35,41,35
50,85,50,8,8,8,8,8,8,7,8,8,7,8,8,7,8,68,68,68,15,85,8,85,38,79,77,78,85,40,85,83,77,78,84,83,85,38,77,79,40,78,85,8
15,85,79,78,38,77,40,85,35,38,37,36,39,40,41,35,85,38,79,77,40,78,85,80,81,80,85,38,77,79,78,40,85,83,77,78,84,83,85,38,77,79,78,40,85
15,8,34,15,35,39,38,37,36,35,40,35,41,35,83,35,83,78,77,83,84,83,82,80,81,82,83,84,78,77,83,8,50
29,30
15,85,38,77,78,85,79,40,85,35,38,36,37,39,40,35,41,35,15
50,86,50,86
29,30
15,76,8,34,8,76,34,76,78,79,77,38,40,76,68,68,15
72,15,72,15,6,3,4,5,3,4,5,6,72,15,72,15,6,15
15,76,8,76,34,76,38,77,78,79,40,83,77,78,83,84,83,8,50,15,76,8,76,34,76,79,77,78,38,40,83,84,77,78,83,8,50
35,8,35,34,35,37,36,38,39,40
15,8,34,15,76,38,78,77,79,40,76,8,50
15,68,68,68,15,51
86,85,38,77,78,79,40,85
15,3,4,5,8,34,6,15,6,7
15,76,8,76,34,76,38,77,78,79,40,35,38,36,37,39,35,40,41,35,35,38,37,39,36,35,40,76,38,77,79,78,40,15,76,38,79,78,77,40,35,38,39,37,35,36,40,41,35,35,76
15,3,4,5,3,4,5,6,15,3,4,5,15
15,76,8,68,68
15,51,15,93,15,93,93,15,93
76,8,76,78,38,40,76,78,38,40,76,78,38,40,76,78,38,40,3,4,5,6,7,7,34,35,38,39,37,36,40,41,35
15,6,7,8,7,34,8,15
86,85,86,85,78,77,79,38,40,85,86,35,37,36,39,38,40,35,41,35
15,30,30,15
70,15,70,15,70
86,85,86,85,78,77,38,79,40,85,86,85,86,85,38,79,78,77,40,85,85,38,77,79,78,40,85,80,81,80,85,79,77,38,78,40,85,35,38,36,39,37,40,41,35,85,79,77,38,78,40,85,85,80,81,80,85,79,38,78,77,40,85,85,38,77,79,78,40,85,83,77,78,84,83
76,8
86,85,86,85,38,77,79,78,40,85,83,77,78,84,83,85,79,38,77,78,40,85,86
15,68,68,6,7,8,7,34,6,7,35,38,36,37,39,40,35,41,35
50,76,8,76,38,77,78,79,40,76,83,77,84,78,83,8,50
15,8,76,34,76,78,77,79,38,40,76,35,38,37,36,39,35,40,35,41,35
15,92,15,92,15,68
35,8,35,34,35,39,37,36,38,35,40,41,35
29,30,31
15,85,78,38,79,77,85,40,85,15
35,8,50,8,76,78,77,79,38,76,40,76
15,76,38,77,78,76,40,79,76,79,38,77,78,76,40,76,38,77,79,78,40,76,15,76,38,77,78,79,40,76
15,68,68
85,35,38,37,36,39,40,41,35,85,38,40,77,78,79,83,77,78,84,83,85,77,85,38,79,40,78,85,86,85,38,77,35,78,35,38,40,36,37,79,39,40,41,35,85,38,77,79,40,78,83,77,78,84,83
86,86
50,86,50,85,50,8,83,8,85,8,86,8,86,8,86,85,86,85,8,85,34,85,77,85,38,86,78,40,79,85,86,85,77,79,38,78,40,85,77,79,38,78,40,85,83,77,78,84,83,85,77,38,79,78,40,85,8,86
35,8,35,34,35,38,39,37,36,35,40,41,35
15,3,4,5,6,3,4,5,6,7,6,8,7,8,34
15,35,37,38,36,39,35,40,41,35,6
35,6,35,37,39,38,36,35,40,41,35,80,81,80,83,77,78,83,84,83,82,3,4,5,6,3,4,5,3,4,5,6,35,38,37,39,35,36,35,40,41,35,83,84,83,77,83,78,83,82,83,6,7,15,35,38,37,39,36,35,40,41,35,83,84,77,83,78,83,6,15,90,3,4,5,3,4,5,6
15
8,76,34,76,78,38,79,77,40,76,76,38,79,78,77,40,76,3,4,5,3,4,5,3,4,5,3,4,5,15,3,4,5,6,15,3,4,5,6,7
29,30,3,4,5,3,4
68,8,68,34,68,8,76,78,38,77,79,40,68,8,50
50,68,80,8,80,34,80,81,83,78,77,84,83,8,50
15,3,4,5
15
8,34,15,8,50,8,76,34,76,78,38,77,79,76,40,76,83,77,78,83,84,83,76,38,77,79,78,40,76,8,50
86,6,86,68,6,15,6,86,86,86,68,68,6,86,86,86,86,86,86
15,70,15,70,80,8,80,34,80,81,80,83,78,77,83,84,83,68,15,35,37,36,39,35,38,40,35,41,35
29,30,15
15,93,15,93
15,8,34,15,80,81,80,35,39,38,37,36,40,41,35
86,86,18,86
29,30
15,85,38,77,78,79,40,85,15
29,30
15,3,4,5,3,4,5,3,4,5,3,4,5,3,4,5,6,7,8,9,10,8,7,34
15,35,38,36,37,39,40,41,35
15,76,8,76,34,76,38,78,77,79,40,76,8,50
29,30
35,8
3,4,5,3,4,5,3,4,5,6
29,30
29,30
15,68,68,6,8,6,34,68,68,8,50
30,31
15,6,7,8,34,6,7,35,37,39,38,36,35,40,41,35,37,39,38,36,35,40,41,35,80,81,80,82,35,36,38,39,37,40,35,41,35,35,38,39,36,37,35,40,41,35
15,3,4,5,3,4,5,6
8,34,83,77,83,78,84,83,84,83,77,78,83,84,77,78,83,8,50,83,8
8,34,15,76,38,77,78,79,40,35,38,39,37,36,35,40,41,35,35,38,37,39,36,35,40,41,35,76,38,79,78,77,40,8,15
8,34,15,35,36,37,39,38,35,40,35,41,35,8,50
6,15,6,3,4,5,3,4,5,6,7,8,7,34,8,6,80,81,82,82,76,77,38,78,79,40,76,83,77,78,84,83,76,38,79,77,78,40,80,81,6,8,50,15,35,8,35,34,35,38,39,37,36,40,41,35,38,39,37,36,40,41,35,76,38,79,77,78,40,76,80,81,80,81,76,38,77,79,78,40,76,83,84,77,78,83,76,38,79,78,77,40,76,76,77,38,79,78,40,76,79,77,38,78,40,76,80,81,76,38,79,78,77,40,76,35,38,39,37,36,40,41,35,76,38,77,79,78,40,76,35,38,39,37,36,40,41,35,38,39,37,36,40,41,35,76,38,79,78,77,40,76,83,84,77,78,83,76,38,79,78,77,40,76,8,50,76,8,35,76,8,35,8,76,8,80,8,76,8,76,8,8,76,8,83,8,76,8,80,8,76,8,35,8,35,8
94,15,94,94,94,93,94,15,93,15,93,75,75,75,93,75,94,93,94,15,94,75,94,94,15,94,94,15,94,75,75,75,75,94,15,93,94,93,15,93,75,93,94,93,15,94,15,94,94,94,15,94,94,15,94,15,94,75,94,75,94,15,94,94,15,94,75,94,15,94,15,94,75,75,75,94
29,30
72,15,72,15,23,23,15,72,15,72,15,72,72,15,72,72,15
83,8
15,76,8,35,36,39,38,37,40,41,35,38,37,39,36,35,40,41,35,38,37,39,36,35,40,41,35,38,36,37,39,40,41,35,38,37,39,36,40,41,35
72,15,72,72,15,72,72,15,72,72,15,72,72,15,72
83,85,77,78,79,38,40,83,77,78,84,83,15,85,77,85,78,38,79,40,85,83,77,78,84,83,85,77,85,38,79,78,40,35,38,36,37,39,35,40,41,35,38,36,39,37,40,35,41,35,37,38,39,36,35,40,41,35,36,39,37,38,35,40,41,35,36,38,37,39,40,35,41,35,15,85,77,79,78,38,40,35,38,37,39,36,40,35,41,35,38,36,39,37,40,35,41,35,35,38,36,39,37,40,35,41,35,35,38,37,36,39,40,35,41,35
85,8,85,34,85,78,38,77,85,79,40,85,85,79,38,78,77,85,40,85,68,68,85,79,78,8,77,38,40,8,85,79,38,78,77,40,85,79,38,78,77,40,85,79,77,38,78,40,85,79,38,78,77,40,85,79,77,38,78,40
15,35,38,39,35,37,36,40,41,35,82,15,80,81,82,80,81,80,81,80,15,35,39,37,35,38,36,40,41,35,15
92,15,92
15,68,15
8,76,34,76,78,79,38,77,40,76,3,4,5,6,7,8
86,85,86,85,8,85,8,8,85,8,34,86,85,86,85,78,79,38,77,40,85,35,38,37,36,39,40,41,35,85,38,77,79,78,40,85,35,39,38,37,36,40,41,35,85,38,77,79,78,40,85,83,77,78,84,83,83
86,86,86,3,4,5,86
15,68,68,68,68,68,68,6,15
15,85,77,78,85,79,38,40,85,77,78,79,38,85,40,85,15,85,77,38,78,79,40,85,15,29,15,85,38,79,77,78,40,85
35,8
15,93
86,85,77,78,79,38,40,85,35,38,37,36,39,40,35,41,35,82,35,35,85,86,86,6,86,86
35,8,35,34,35,37,36,39,35,38,35,40,41,35,8
29,30,31
8,76,34,76,79,38,77,78,40,76
8,34,15,76,78,77,76,79,38,76,40,76,35,38,37,36,39,35,40,35,41,35,8,50,15,8,34,15,35,38,37,39,36,35,40,41,35,80,81,80,83,77,83,78,83,84,83,80,81,80,82,82,82,15,35,38,37,39,35,36,35,40,41,35,8,50
80,8,80,34,80,81,80,81,80,76,38,77,78,79,40,76,80,83,84,78,77,83,76,38,77,79,78,40,76,38,79,77,78,40,76
86,86,86,85,86,85,86,85,38,77,78,79,85,40,85
86,86
15,8,34,15,76,38,77,78,79,40,76,83,77,78,84,83,8,50,83,8,76,8,15,8,15
70,29
15,92,15,92,15
8,15,9,15,76,78,38,40,76,3,4,5,6,7,6,7,7,34,6,8,50
15,85,38,78,77,79,40,85,29,30,29,31,85,79,38,77,78,40,85,15,85,79,38,77,78,40,85,15,85,79,78,38,77,40,85,15
15,70,15,70,15
15,8,34,15,80,81,82,82,82
29,30
85,78,77,79,38,40,80,81,80,85,77,38,79,78,40,35,38,36,37,39,40,41,35,68,68,85,79,77,78,38,40,35,38,39,37,36,40,35,41,35,68,85,78,77,79,38,40,35,38,39,37,36,40,41,35,35,37,39,38,36,40,41,35
29,30
6,3,4,5,3,4,5,6
29,30
29,30,15,68
83,8,83,34,83,78,77,83,84,83
92,15,92
92,93,15
15
15,85,38,77,78,79,85,40,85,35,38,39,37,36,40,41,35,85,38,79,77,78,40,85,83,77,84,78,83,83,85,83,85,35,85,83,85,83,35,38,37,39,36,40,41,35,85,35,15
15,70,15,70,15
3,4,5,3,4,5,3,4,5,3,4,5
29,30
15,3,4,5,6,8,6,34,6,7,6
86,8
86,85,86
15,85,8,85,8,85,8,85,34,85,77,38,78,85,79,40,85,80,85,80,81,80,76,38,77,79,78,40,76,83,77,78,84,83,68,83,68,68,83,84,78,77,83,76,38,77,79,78,40,76
50,8,76,34,76,38,77,79,78,40,35,38,37,39,36,35,40,41,35,76,38,77,79,78,40,76,35,38,39,37,36,35,40,41,35,35,39,38,37,36,35,40,41,35,15,76,38,79,77,78,40,76,8,50
85,15,85,77,78,79,38,40,85,15,85,77,78,79,38,40,35,39,38,37,36,35,40,35,41,35,15,85,77,79,78,38,40,35,38,39,37,36,35,40,35,41,35,35,38,39,37,36,40,35,41,35,85,38,77,40,78,79,35,39,38,37,36,40,35,41,35,85,38,77,79,78,40,85,35,39,38,37,36,40,35,41,35
86,85,86,85,78,77,79,38,40,85,35,38,39,37,36,40,41,35,38,37,39,36,40,41,35,85,77,38,79,78,40,85,83,77,78,84,83,85,79,77,38,78,40,85,86,85,86,85,77,78,79,38,40,85,35,38,39,37,36,40,41,35,38,39,37,36,40,41,35,85,79,77,38,78,40,85,83,77,78,84,83,85,86,85,86,86,86
86,85,86,85,78,77,79,38,40,85,79,77,38,78,40,85,86,85,79,78,77,38,40,85,86,85,86,85,38,79,78,77,40,85,79,77,38,78,40,85,86,85,86,85,38,79,78,77,85,35,40,35,38,36,37,39,40,41,35,86,85,79,78,77,38,40,85,86,85,86,85,38,79,78,77,40,85,86,85,79,77,78,38,40,85,86,85,86,85,38,79,78,77,40,85,77,38,79,78,40,85,86,85,86,85,79,77,78,38,40,85,77,38,79,78,86,40,86,85,86,85,79,78,77,38,40,85,86,85,86,85,86,85,38,79,77,78,40,85,86,85,86,85,38,78,77,79,40,85,86,85,86,85,86,85,79,77,78,38,85,40,85,77,79,38,78,86,40,85,86,85,86,85,79,78,77,38,40,85,79,77,38,78,40,85,86,86,86,85,79,38,78,77,40,85,86,86,3,4,5,5,6,86,85,86,85,38,79,77,78,40,85,86,85,38,79,78,77,40,85,86,85,86,85,79,38,78,77,40,85,86,86,86,85,86,85,79,78,38,77,40,85,86,85,86,85,38,79,77,78,40,85,38,79,78,77,86,40,86
29,30,29,30
15,3,4,5,3,4,5,15
15,85,8,15
3,4,5,6,7,8,9,10,11,12,7,34
15,76,8,76,34,76,79,78,77,38,40,76,35,38,35,37,36,39,35,40,41,35,35,8,50,50
3,4,5,15
15,21,15
29,30
15,85,38,77,79,78,40,85
15,8,34,15,76,78,77,38,79,76,40,76,8,50
15,68,68,15
50,15
35,8,35,34,35,37,35,39,38,36,35,40,41,35,8,50,76,8,76,34,76,77,78,76,79,38,40,76,76,79,38,78,77,76,40,76,3,4,5,72,15,72,15,72,15,72,3,4,5,15,6,76,79,78,77,38,76,40,76,8,50,76,8,76,34,76,79,78,77,76,38,40,76,35,38,37,35,39,35,36,40,41,35,35,37,38,39,36,35,40,35,41,35,8,50,3,4,5,3,4,5,3,4,5,3,4,5,6,3,4,5,6,3,4,5,6,3,4,5,6,3,4,5,6,15,6,7,8,7,34,76,77,79,76,38,76,78,76,40,76,8,50,35,8,35,34,35,37,35,39,35,38,36,35,40,41,35,35,37,38,39,35,36,35,40,41,35,35,35,37,38,39,35,36,40,35,41,35,76,79,38,78,77,76,40,76,76,77,79,38,78,76,40,76,76,79,77,38,78,76,40,76,8,50,76,8,76,34,76,79,78,77,76,38,76,40,76,8,50
29,30
15,68,68
86,68,86,68,68
15,76,8,76,34,76,38,77,78,79,40,76,92,15,92,76,38,78,77,79,40,76
29,30
15,85,78,77,38,79,40,85,15,6,15
15,90,91,15,91,91,15,91,91,15,91,91,15,91,91,15,91,15,90,91,15,91,90,91,15,91,15
86,85,86,85,38,78,77,79,40,85
86,86,85,38,77,78,79,40,85
8,34
76,8,76,34,76,38,77,78,79,40,76
15,3,4,5,60,15,60,15,9,9,6
15,8,34,15,76,78,38,77,79,40,76,79,78,38,77,40,76,79,38,78,77,40,76,8,50
15,6,15,3,4,5,3,4,5,3,4,5,5,3,4,5,3,4,5,5,3,4,5
15,76,8,76,8,76,8,15,76,8,76,8,76,79,78,38,77,40,76,35,38,39,37,36,40,41,35,35,38,36,37,39,40,41,35,38,39,37,36,40,41,35,15,76,38,79,78,77,40,76,76,79,38,77,78,40,76,76,38,77,79,78,40,76,3,4,5,6
35,85,77,78,79,38,40,85,68,68,68,85,79,77,78,38,40,85,35,38,37,39,36,40,35,41,35,3,4,5,6,7,6,35,37,36,38,39,40,41,35,15,68,85,38,78,77,79,40,85,35,37,38,39,36,40,35,41,35,35,38,37,36,39,40,41,35,35,38,37,36,39,40,35,41,35,85,38,79,78,77,40,85,68,68,85,79,38,77,78,40,85,35,38,37,39,36,40,41,35,35,38,37,36,39,40,41,35,68,68,68,85,79,38,78,77,40,85,35,38,37,36,39,40,35,41,35,35,38,36,39,37,40,41,35,85,79,38,77,78,40,85,68,85,79,38,78,40,85,35,38,37,39,77,36,40,41,35,85,38,77,79,78,40,85,15,85,79,38,78,77,40,85,35,38,37,39,36,40,35,41,35,68,68,15,68,68,68,85,79,78,77,38,40,85,35,38,36,37,39,40,41,35,38,36,37,39,40,41,35,85,35,85,79,38,78,77,40,85,15,68
15,15
15,6,15,6,7,15,6,7,35,36,38,37,39,35,40,41,35
86,85,78,77,38,79,40,35,38,36,39,37,40,35,41,35,35,37,36,38,39,35,40,41,35,86,86
15,85,78,79,77,38,40,85,83,77,78,84,83,85,38,79,77,78,40,85,15,85,79,78,38,77,85,40,85,83,84,77,78,83,85,79,38,77,85,78,40,15
15,85,38,77,78,79,40,85
29,30
15,29,15
15,76,8,76,34,76,78,38,77,79,76,40,76,3,4,5,6,7
8,34,15,68,68,68,68
15,3,4,5,6,15,3,4,5,6,15,8,34,15,6,3,4,5,3,4,5,3,4,5,6,7,8,50,15,8,34,15,35,38,39,37,36,40,41,35,35,38,37,39,36,40,41,35,8,50
50,76,8,76,34,76,79,38,77,78,40,83,84,77,78,83,77,78,84,83,8,50,8,76,34,76,78,38,77,79,40,83,84,77,78,83,8,50
15,60,15,60,15
15,85,77,38,78,79,40,85,79,77,78,85,15,38,15,85,79,77,38,78,40,85,79,78,77,38,40,85,15,85,38,77,78,79,40,85,76,38,79,77,78,40,76,35,37,36,38,39,40,41,35,76,38,79,78,40,77,76,83,85,83,85,77,79,38,78,40,85,80,81,82,80,82,82,80,85,38,79,78,77,40,85,76,79,38,77,78,40,76,79,78,38,77,40,76,79,38,77,78,40,76,79,77,38,78,40,76,38,79,77,78,40,76,85,79,38,78,77,40,85,35,38,39,37,36,40,41,35,15,85,79,77,38,78,40,85,15,85,79,77,38,78,40,85,85,79,38,77,78,40,85
15,3,4,5,3,4
68,68,68,15
15,6,15,68,6,15
15,3,4,5,6,7,8,7,8,76,34,76,38,77,78,35,38,39,37,36,35,40,41,35
86,85,86,85,78,38,79,77,40,85,83,77,78,84,83,86,86,86
8,34
61,15,61
8,34,15,35,36,37,35,39,38,35,40,35,41,35,82,76,38,77,78,79,76,40,76,8,50,15,6,8,6,76,78,77,79,38,76,40,76,38,79,77,78,40,76,83,77,78,83,84,83,35,38,37,36,35,39,40,41,35,76,79,38,78,77,76,40,35,38,37,39,36,35,40,41,35,8,50
3,4,5,6,7,8,9,10,11,12,11,12,7,34,6,3,4,5,6,7,6,3,4,5,6,7,68,35,38,36,39,37,40,41,35,35,37,39,38,35,36,40,35,41,35,68,6,3,4,5,6,7,6,3,4,5,6,7,3,4,5,6,7,6,3,4,5,6,7,6
76,8,76,34,76,78,79,38,77,76,40,76,80,81,35,38,35,37,36,39,35,40,41,35,76,79,77,38,78,40,76,80,81,80,81,80,81,80,76,79,78,38,76,77,40,76
15,68
15,68,3,4,5
15
86,86,3,4,5,86,86
15,3,4,5,6,8,6,34,6,3,4,5,6,76,38,78,76,77,79,40,76,35,38,37,35,39,36,40,41,35,6
6,15,6,15,3,4,5
15,35,8,35,34,35,37,36,38,35,39,40,41,35,76,38,77,78,40,76,79,76,15,35,36,35,37,39,38,40,41,35,15,35,37,36,39,35,38,40,41,35,35,37,38,39,35,36,35,40,41,35,76,79,38,78,77,76,40,76,15,35,36,35,37,39,38,40,41,35,76,38,78,77,76,79,40,76,83,77,83,78,83,84,83,82,82,82,15,35,37,39,35,36,38,40,41,35,35,37,38,35,39,36,35,40,41,35,76,79,38,78,77,40,76,35,37,36,38,39,35,40,41,35,80,81,82,83,77,84,83,78,83,82,35,37,35,39,38,36,40,41,35,82,35,76,79,38,78,77,40,76
15,15
29,30,30,30,32,33
15,85,38,77,78,79,40,35,38,39,37,36,40,41,35,85,38,77,79,78,40,85,15
15,68,68,68,68,68,68,68,68,68,68,68
72,15,72
15,85,78,38,79,77,40,85,83,77,78,84,83,85,79,77,38,78,40,85,15
15,85,78,38,77,79,40,85,85,38,79,77,78,40,85
86,85,79,78,77,38,40,85,86
76,8,76,34,76,78,79,77,38,76,40,76,8,3,4,5,6,7,76,79,78,77,38,76,40,76,8,50
15,9,15,9,8,9,8,76,78,38,76,40,76,3,4,5,6,7,7,34,15,9,76,78,79,38,77,76,40,76,35,38,37,36,39,35,40,41,35,35,39,38,37,36,35,40,41,35,83,84,77,78,83,35,37,38,39,35,36,40,41,35,8,50,8,76,34,76,79,78,38,77,76,40,76,15,70,15,35,35,38,35,39,36,37,35,40,35,41,35,35,35,35,38,39,37,35,36,35,40,35,41,35
86,85,86,85,79,77,78,85,38,40,85,77,79,38,78,40,85,35,38,37,39,36,40,41,35,37,38,36,39,40,41,35,85,77,79,38,78,40,86,85,86,85,79,78,77,38,40,85,35,38,37,39,36,40,41,35,37,38,36,39,40,41,35,85,77,79,38,78,40,85,86,85,86,85,86,85,78,77,38,79,40,85,35,38,37,36,39,40,41,35,85,38,77,79,78,40,85,86,85,86,85,38,77,79,78,40,85,35,37,38,36,39,40,41,35,35,37,38,36,39,40,41,35,35,38,37,39,36,40,41,35,35,38,37,36,39,40,41,35,85,38,79,78,77,40,85,86
86,85,86,85,38,78,79,77,40,85,86
29,30,32,33,32
15,35,8,76,8,76,34,35,38,39,37,36,35,40,41,35,76,38,77,78,79,40,76,76,38,79,77,78,40,76,76,38,79,77,78,40,76,8,15
15,35,37,39,36,38,35,40,41,35,15,35,39,37,36,38,35,40,35,41,35
3,4,5,3,4,5,3,4,5,6,7,8,9,10,8,6,7,8,8,6,7,8,9,8,6,7,8,9,10,11,12,7,34
35,8,35,34,35,36,37,39,38,35,40,41,35,15,76,38,78,77,79,40,83,77,78,84,83
72,15,72,3,4,5,6
86,85,8,85,34,85,77,38,78,79,40,80,81,82,80,82,80
15,8,34,15,35,38,37,36,35,39,35,40,41,35
3,4,5,15,6,15,6,7,6,8,9
15,85,78,38,77,79,40,35,38,37,35,36,39,40,41,35
76,8,76,34,77,79,38,78,76,40,76
15,3,4,5,6,15
15,3,4,5,3,4,5,6,3,4,5,6,7,8,7,34,8,50
15,3,4,5,3,4,5,3,4,5,3,4,5,3,4,5,60,15,60,15,6,8,6,34,6,7,8,50,15
8,76,8
15,80,81,76,77,38,78,79,40,76,83,15,35,36,37,38,39,40,41,35
29,30,29,30
3,4,5,6,3,4,5,3,4,5,3,4,5,3,4,5,3,4,5,15,3,4,5,3,4,5,3,4,5,15,3,4,5,3,4,5,3,4,5,3,4,5,3,4,5,3,4,5,15,3,4,5,15,3,4,5,15,3,4,5,6,7,8,9,10,11,12,11,12,7,34
86,85,77,38,78,79,40,85,83,77,78,84,83,86,85,77,78,79,38,40,85
15,8,34,15,76,38,78,77,79,76,40,76,80,81,80,82,8,50
6,68,6
86,85,38,77,78,79,40
15,76,8,76,34,76,79,78,77,38,40,76
35,8,35,34,35,37,36,38,39,35,40,41,35,15,76,38,77,78,79,76,40,76,35,37,39,36,38,35,40,41,35,76,38,79,78,77,76,40,76,30,32,33,30,35,37,38,36,39,35,40,41,35,35,35
15,85,77,78,38,79,40,85,35,38,36,39,37,40,41,35,85,38,79,77,78,40,85,83,77,78,84,83,85,38,79,78,77,85,35,40,35,38,37,39,36,40,41,35,85,38,77,79,40,78,85
15,76,8,76,34,76,78,79,38,77,76,40,76,83,77,78,83,84,83,8,50
68,8,68,34,68,35,38,35,39,37,36,40,41,35,82,68,68,68,68,8
15,3,4,5,3,4,5,3,4,5,15,3,4,5,15,3,4,5,60,15,60,15,6,3,4,5,6,15,3,4,5,15
86,85,78,77,38,40,79,85,77,38,79,78,40,35,38,39,37,36,40,41,35
15,8,34,15,76,38,78,77,76,79,76,40,76,8,50,8
15,8,34,15,35,38,39,37,36,40,35,41,35
86,68,86,85,38,77,78,79,40,85,86,86,86,86,86,86
30,29,30
8,8,34,35,37,36,39,38,40,41,35,35,38,39,37,36,40,35,41,35,35,38,37,39,36,40,41,35,37,39,36,38,40,35,41,35
8,76,34,76,78,77,38,79,40,76,68,68,68,68,68,68,68,68,68,68,68,3,4,5,6,8,76,38,79,78,77,76,40,76,6,92,15,92,93,15,93,3,4,5,6,7,6,3,4,5,6,93,15,93,6,8,50
86,86,86,6,86,86,3,4,5,3,4,5,86,86,3,4,5,3,4,5,5
15,92,15,92,92,15,92,15
93,15,93
8,35,34,35,37,39,36,38,40,41,35,35,35,8,35,37,39,36,38,40,41,35,35,8,35,34,35,38,37,39,36,40,41,35,35,36,37,39,38,40,41,35,8,35,39,36,37,38,40,41,35,35,8
92,15,92
15,8,34,15,35,38,39,37,36,40,35,41,35,35,38,37,39,36,35,40
8,34,15,76,38,77,78,79,76,40,76,83,77,78,84,83,8,50
8,76,34,76,78,79,77,38,40,76,35,38,36,37,39,40,41,35,8,50,35,8,76,8
3,4,5,3,4,5,6
29,30
15,8,34,15,35,39,37,36,38,40,35,41,35,76,38,78,79,77,40,76,8,50,15,8,34,15,35,39,37,36,38,40,35,41,35,35,39,37,38,36,40,35,41,35,35,39,38,37,36,40,35,41,35,35,38,39,37,36,40,35,41,35,35,39,37,38,36,35,40,35,41,35,35,39,37,38,36,35,40,35,41,35,35,39,37,38,36,40,41,35,35,39,37,38,36,40,41,35,8,50
68,72,15,72
29,30,29,30,29,30,29,30
15,76,8,15,76,8,9,8,35,8,15
91,15,91
15,76,78,38,77,79,40,76,15,76,79,78,38,77,40,76,35,38,39,36,37,40,41,35,76,77,38,79,78,40,15,76,79,77,78,38,40,35,38,39,37,36,40,41,35,76,77,38,79,78,40,76,15,76,78,77,79,38,40,35,38,36,39,37,40,41,35,76,79,38,77,40,78,15
85,38,77,78,85,79,40,85,93,15,93,85,38,78,77,79,85,40,85,68,3,4,5,6,7
15,8,34,15,76,77,38,78,79,40,76,92,15,92
15,76,78,38,77,79,76,40,76,8,50,8,76,34,76,38,77,79,78,40,76,92,15
3,4,5,3,4,5,6,7,8,9,10,11,12,11,12,8,11,9,11,9,8,6,15,3,4,5,3,4,5,6,7,8,13,8,8,6,7,8,8,76,8,6,15
15,3,4
15,8,15,76,77,38,78,79,76,40,76,8,50
15,29,15,3,4,5,5,6,3,4,5,5,3,4,5,5
15,8,34,15,35,39,36,37,35,38,40,41,35,82,8,50,15,76,8,76,34,76,77,38,40,76,78,76,79,76,80,81,80,8,50
15,76,8,76,38,77,78,79,40,76,6
30,30
15,8,34,15,76,77,38,78,79,40,83,77,78,83,84,83,83,8,50,8,76,34,76,78,38,77,79,40,76,38,77,79,78,40,76,35,38,37,36,39,40,41,35,76,38,77,79,78,40,83,77,78,84,83,8,50,8,76,34,76,38,78,77,79,40,83,77,78,84,83,8,50
15,72
15,76,38,77,78,79,40,76,6,15,3,4,5,6,80,81,80,83,83,77,78,83,84,83,6,7,15,35,38,37,36,39,35,40,35,41,35,15,35,37,36,39,35,38,35,40,41,35,15,35,36,37,39,38,35,40,41,35,80,81,80,82,82,80,81,80,35,38,37,39,36,35,40,41,35,15,35,37,39,36,38,35,40,41,35,82,35
29,30,29,30
15,80,8,80,34,80,81,82
15,88,88,15,88,15,3,4,5,88,88,88,88,3,5,3,4,5,3,4,5,6,3,4,5,3,4,5,3,4,5,6,15,88,88,88,15,3,4,5,3,4,5,6,3,4,5,3,4,5,3,4,5,6,3,4,5,6
15,8,34,15,76,79,78,77,76,38,40,76
3,4,5,15
3,4,5,6,7,8,7,34,8,50,15
85,78,38,77,79,40,85
8,8,34,84,77,78,8,84,78,77
15,68,15
3,4,5,6,7,8,6,15
15,68,76,8,76,34,76,78,38,79,77,40,76,35,38,36,39,37,35,40,41,35,35,35,38,39,37,36,35,40,41,35
35,8,35,34,35,37,39,36,35,38,40,35,41,35
3,4,5,6,7,8,9,10,11,12,7,34
15,85,8,85,34,85,78,79,77,38,40,85,8
15,3,4,5,3,4,5,15,6,3,4,5,6,3,4,5,6,15,3,4,5,6
76,78,38,77,79,76,40,76,79,38,77,78,40,76,80,81,35,38,37,35,39,36,40,41,35,76,79,38,78,40,76,77,76,15,35,38,37,39,36,35,40,41,35,80,81,80,76,38,79,77,78,40,76,15
29,30
15,85,78,79,38,77,40
35,8,35,34,35,39,37,36,38,40,41,35,8,35,37,39,36,38,40,41,35,35,38,39,37,36,40,35,36,39,38,37,40,41,35,35,38,39,37,36,40
72,15,72,72,15,72
35,8,35,34,35,36,37,35,38,39,40,41,35,83,78,77,83,84,83
35,8,35,34,35,38,37,35,36,39,35,40
15,8,34,15,76,77,78,79,38,40,76,76,77,79,38,78,40,76,83,77,78,84,83,8,50,50,3,4,5,3,4,5,6,3,4,5,3,4,5,6,3,4,5,6,76,8,76,34,76,38,77,78,79,40,8,50,15,76,8,6,8,6,34,6,76,79,38,78,77,40,76,6,3,4,5,6,7,76,79,78,77,38,40,76,8,50,15,8,34,15,76,79,78,77,38,40,76,80,81,35,38,36,39,37,40,41,35,8,50
29,30,31
86,6,85,8,34,85,77,38,78,79,40,85
86,85,86,8,85,8,85,38,77,78,79,85,86,40,86,85,8
29,30
6,15,3,4,5,3,4,5,15,3,4,5,6,7,8,13,8
8,34,15,35,37,39,36,35,38,40,41,35,85
15,3,4,5,3,4,5,3,4,5,3,4,5,3,4,5,3,4,5,6
50,8,76,34,76,78,77,38,79,40,76,83,84,78,77,83,82,8,50
15,8,34,15,80,81,80,82,83,77,78,84,83,8,50
35,8,8,35,34,35,37,35,36,39,35,38,40,35,41,35,8,50
8,34,78,77,84
76,38,78,77,79,40,76
15,35,8,35,34,35,37,36,35,39,38,40,41,35,82,35,36,35,38,37,39,40,41,35
15,76,8,15,85
8,35,34,35,39,36,37,38,40,41,35,8,15,35,39,37,38,35,36,40,41,35,38,39,37,36,40,35,41,35,39,37,36,35,38,35,40,41,35,38,39,37,36,40,35,41,35
3,4,5,6,7,8,9,10,11,12,7,34,35,38,39,36,37,40,41,35,8,50,35,8,8,8,8,8,6,34,6,76,78,79,38,77,40,35,38,39,36,35,37,40,41,35,8,50,35,8,76,8,6,8,7,7,8,11,9,8,6
85,77,38,78,79,40,85,83,77,84,78,83,85,77,38,79,40,78,35,38,39,37,36,40,41,35,35,39,37,38,36,40,41,35,24,24
29,30
29,30
15,85,38,77,85,78,79,85,40,83,77,84,78,83,83
76,8,76,34,76,77,38,78,79,76,40,76,35,38,39,36,35,37,35,40,35
15,8,34,15,76,77,38,78,79,40,76,80,81,80,35,38,36,39,37,35,40,41,35,35,38,39,37,36,35,40,41,35
29,30,29,30
15,85,38,77,85,78,79,40,35,38,36,39,37,40,41,35,85,38,77,79,78,40,80,81,80,85,38,77,79,40,78,83,77,78,84,83,83,85,38,77,79,40,78,85,15
15,35,8,35,34,35,38,36,39,35,37,40,41,35,35,38,39,37,35,36,35,40,41,35,8,50,35,8,15
15,3,4,5,6,3,4,5,5,6,7,8,6,35,8,35,39,36,37,38,35,40,41,35,83,78,77,83,84,83,35,39,36,38,37,40,35,41,35,80,81,80,35,39,38,37,36,35,40,41,35,83,84,78,77,83,6,15,3,4,5,6,8,50
92,15,92,76,38,78,77,76,79,40,76,35,38,35,37,35,39,36,40,41,35,92,15,92,35,38,37,35,36,39,40,41,35
35,8
29,30
15,76,8,76,34,76,77,38,78,79,76,40,76,15,8,50,60,15,60,15
15,21
35,8,35,34,35,39,36,37,38,40,41,35,8,50,35,8,35,34,35,39,37,36,38,40,41,35,8,50,35,8,35,34,35,37,39,36,38,35,40,41,35,8,50,35,8,35,34,35,39,37,35,36,38,40,35,41,35,8,50
3,4,5
29,30
92,8,92,34,92,15,92,76,79,78,38,77,40,76,76,79,38,77,78
15,68
15,8,34,15
6,35,39,37,38,36,40,35,41,35,82,35,37,39,38,36,35,40,35,41,35,68,68,68,35,39,37,36,38,35,40,41,35
18,15
8,34,15,35,36,37,39,38,35,40,35,41,35,8,50
8,34,78,77,84,68,35,36,37,39,38,40,41,35,8,50,35,8,68,6,8,35,8,35,8,35,34,35,37,36,39,35,38,40,35,41,35,8,50,35,8,35,36,39,37,38,40,35,41,35,8,50
30,31
15,8,34,15,35,36,38,39,35,37,40,41,35,80,81,80,81,80,81,80,83,77,78,83,84,83,68,68,68,15,68,15,68,15,68,68,68,15
86,86,86,85,38,77,78,79,40,85,8
76,8,76,34,76,79,78,38,76,77,40,76,68,68,68,68,68,3,4,5,68,3,4,5,6,7
85,15,85,38,77,78,79,40,85,83,77,78,84,83,85,38,77,79,78,40,85,35,38,37,39,36,40,41,35,85,79,38,77,78,40,85,80,81,80,85,38,77,79,78,40,85,83,84,77,78,83,85,38,77,79,78,40,85,80,81,80,85,38,79,77,78,40,85,15,85,38,77,78,79,40,85,8
15,6,15,6,15,3,4,5,3,4,5
92,92,15
15,85,77,78,79,38,40,35,38,37,39,36,40,35,41,35,35,38,39,37,36,35,40,41,35,35,37,38,39,36,35,40,41,35,85,38,79,77,78,40,85,83,77,78,84,83
86,85,86,85,8,85,34,85,38,78,77,79,86,40,86,85,86,85,68,3,4,5,6,7,68,68,68,85,79,77,38,78,40,85,83,77,78,84,83,76,38,77,79,78,40,76,8
8,35,37,38,39,36,35,40,41,35,80,81,80,82,82,82,82,82,76,38,78,77,79,40,76,8,50
29,30
15,92,15,92,15,3,4,5,3,4,5,3,4,5,3,4,5,3,4,5,3,4,5,3,4,5,3,4,5,15,92,15,92,15
15,6,15
68,68,68,68,68,68,68,68,68,8,68
3,4,5,6,7,8,9,10,11,12,11,12,11,12,8,8,34,6,7,6,15,76,38,77,79,78,40,76,15,6,15
3,4,5,6,7,8,9,10,9
15,35,8,35,34,35,37,38,39,36,35,40,41,35
29,30
15,35,8,35,38,39,37,35,36,40,41,35,8,35,34,35,38,39,35,37,36,40,41,35,82,35
15,76,8,76,38,78,79,83,40,77,83,77,78,83,84,83
15,70,71,15,71
76,8,76,34,76,77,38,78,79,40,83,77,83,78,84,83,76,38,79,77,78,40,35,38,35,39,36,37,40,41,35,76,38,77,79,78,40,80,81,80,81,80,81,80,76,79,38,77,78,40,76,8,50
15,8,15,76,77,38,78,76,79,40,76,8,50
86,86,86,86,86,86,86,15
29,30,15,8,34,15,76,83,38,78,77,79,83,77,83,84,78,83,8,50
35,8,8,15
86,85,38,78,77,79,40,85,83,77,78,84,83,82,83
8,34,84,78,77
30,29,30
35,8
29,30
8,35,8,76,8
35,8,35,34,35,36,37,38,39,35,40,41,35,83,77,78,83,84,83,82,35,38,37,35,36,39,35,40,41,35,80,81,83,84,77,78,83,84,80,81,80,35,38,37,35,36,39,35,40,35,41,35
50,85,8,85,77,78,79,85,38,40,85,80,81,82,80,82,82,80,85,38,79,78,77,40,85,35,38,36,37,39,40,41,35,85,38,79,78,77,40,85,85,38,79,78,77,40,85,8,85,38,79,77,78,40,85,35,38,37,39,36,40,41,35,35,38,37,36,39,40,41,35,85,38,79,77,78,40,85,8
29,30
29,30
15,72,15,72
29,30
3,4,5,3,4,5,3,4,5,6,7,8,7
15,70,15,70,15,51,51
29,30,29,31,29,30,29
86,86
15,3,4,5,6,79
15,68,68
86,86,3,4,5
68,83,83,77,78,84,83,83,76,77,38,78,40,79,76,77,38,79,40,78,76,76,76,83,84,83,77,78,83,83,83,84,83,78,77,83,78,77,84,83
6,15,3,4,5,3,4,5,3,4,5,3,4,5,3,4,5,3,4,5,3,4,5,3,4,5,6,3,4,5,92,15,92,92,15,92,3,4,5,3,4,5,3,4,5,3,4,5,3,4,5,15,92,15,92,15,92,15,92,3,4,5,3,4,5,15,92,15,92,3,4,5,15,6,7,8,7,34
60,15,60,15
15,8,15,76,78,77,76,38,79,40,76,83,77,83,78,83,84,83,8,50
35,38,37,36,39,35,40,41,35,68,68,68,68,68,68,93,15,93,68,68
15,8,34,15,35,38,37,36,39,35,40,41,35,68,76,79,38,78,77,76,40,76,8,50
35,8,35,34,35,38,39,37,36,40,41,35
15,85,38,78,79,77,40,85,35,38,36,37,39,40,35,41,35,85,79,78,38,77,40,85,15
76,8,76,34,76,38,77,78,76,40,79,76,8,50,15,3,4,5,15,3,4,5,6,15,3,4,5,6,15,8
29,30
93,15,93
15,35,8,35,34,35,37,36,38,39,40,41,35,8,50
15,6,3,4,5,6
15,76,8,76,34,76,38,77,78,76,79,40,76,83,77,78,83,84,83
86,85,86,85,38,77,78,79,40,85,86
15,51
15,6,15
15,6,7,8,9,10,8,9,10,8
15,6,15,3,4,5,6
15,85,38,77,79,78,40,85,85,38,79,78,77,40,85,15
8,76,78,77,79,38,40,76,80,81,80,82
29,30
3,4,5,6,3,4,5,6,7,8,6,15
15,8,15,76,77,78,79,83,38,83,77,78,84,83,6,8,50,15
15,8,34,15,35,38,36,37,39,40,41,35,8,50
35,38,37,39,36,35,40,41,35,76,77,38,79,78,83,76,83,77,78,83,84,83,76,77,76,38,35,37,35,38,37,39,35,40,41,35,76,8,76,34,8,15,8
15,85,8,85,34,85,79,38,78,77,85,40,85,85,38,79,78,77,40,85,15,6,15,85,38,79,78,77,40,85,15,85,38,79,78,77,40,85,15,85,79,78,38,77,40,85,15,6,85,38,79,78,77,40,85
76,78,79,77,38,40,76,79,78,38,77,40,76,78,38,79,77,40,76,77,38,79,78,40,76
15,85,77,78,38,79,40,83,77,78,84,83,15,85,77,79,78,38,40,35,38,37,36,39,40,41,35,85,38,79,78,77,40,85,35,37,36,38,39,40,41,35,15,85,77,78,38,79,40,85
15,92,15,92,15
15,8,34,15,76,78,76,77,76,38,79,40,76,76,38,79,77,78,40,76,38,77,79,78,40,76,68,68
6,7,8,7,34,8,50
8,78,77,84
15,3,4,5,6,3,4,5,3,4,5,6,15
15,68,68,68,68,15
8,76,34,76,77,78,79,38,40,35,38,39,37,36,40,41,35,76,38,77,79,78,40,76,8,50,32,33,32,33,32,8,76,34,76,77,79,78,38,35,38,37,39,36,40,41,35,76,38,77,78,79,40,76,8,50,35,8,35,38,39,37,36,40,41,35,76,38,78,79,77,40,8,50,8,76,34,76,77,78,38,79,40,35,38,39,37,36,40,41,35,76,79,38,78,77,40,76,8,50
86,85,86,85,86,85,78,77,38,79,40,85
15,76,8,76,8,76,34,76,79,38,78,77,40,76,35,38,39,37,36,35,40,35,41,35,80,81,80,82
29,30,32,33,30,29,30
15,8,34,15,76,78,79,77,38,40,35,38,37,39,36,40,41,35,76,38,77,79,40,78,80,81,76,38,79,77,78,40,76,79,78,77,38,40,76,8,50
15,29,15
15,68,68,15,68
29,30
15,68,68,15,68,68,15,68,68,15
86,86
86,85,86,85,78,79,77,38,40,85,35,38,37,36,39,40,41,35,37,38,36,39,40,41,35,85,79,38,77,78,40,85,86,85,86,85,79,38,78,77,40,85,35,37,38,39,36,40,41,35,86,85,86,85,79,78,77,38,40,85,35,38,37,39,36,40,35,41,35,82,86,85,86,85,79,38,78,77,40,85,35,37,38,39,36,40,35,41,35,37,36,38,39,40,35,41,35,85,79,77,38,78,40,86,85,86,85,79,38,78,77,40,85,35,38,37,39,36,40,35,41,35,38,37,36,39,40,35,41,35,85,77,38,79,78,40,86,85,86,85,79,38,78,77,40,85,35,37,38,39,36,40,41,35,86,85,86,85,79,78,38,77,40,85,35,38,37,36,39,40,35,41,35,86,85,86,85,79,38,78,77,40,85,35,37,38,39,36,40,41,35,37,38,36,39,40,35,41,35,86,85,86,85,79,38,78,77,40,85,35,38,39,36,35,37,40,41,35,38,37,39,36,40,35,41,35,86,85,86,85,79,38,77,78,40,85,35,37,38,39,36,40,35,41,35,37,38,36,39,40,35,41,35,85,79,77,38,78,40,86,85,86,85,79,38,78,77,40,85,35,37,38,39,36,40,35,41,35,86,85,86,85,79,38,78,77,40,85,35,37,38,39,36,40,41,35,86,85,86,85,79,78,77,38,40,85,35,38,36,37,39,35,40,41,35,37,38,36,39,40,41,35,85,79,77,38,78,40,85,86,85,86,85,38,79,78,77,40,85,35,38,37,39,36,40,41,35,86,85,86,85,79,38,78,77,40,85,35,38,37,39,36,40,35,41,35,37,38,36,39,40,41,35,86,85,86,85,79,78,77,38,85,35,40,35,38,37,36,39,40,41,35,37,38,36,39,40,35,41,35,24,35,37,38,36,39,40,35,41,35,86,85,86,85,78,38,77,79,40,85,35,38,36,37,39,40,41,35,86,85,86,85,79,78,38,77,40,85,35,38,37,39,36,40,41,35,86,85,79,78,38,77,40,85,35,38,37,36,39,40,41,35,86,85,86,85,79,78,38,77,40,85,35,38,37,36,39,40,41,35,85,38,79,77,78,40,85,86
15,8,34,15,76,77,38,78,79,40,76,38,79,77,78,40,76,15,76,38,77,78,79,40,76,79,77,76,78,38,40
86,85,77,38,78,79,40,80,81,82,80,80,81,80,86
15,8,34,35,39,38,36,37,35,40,41,35
3,4,5
3,4,5,6,76,8,76,34,76,38,77,78,79,40,76,76,38,79,77,78,40,76,35,38,36,37,39,40,41,35,76,38,79,78,77,40,6,79
15,70,15,70,74
29,30,31,6,8,34,80,81,80,82,29,30
29,30
15,8,34,15,76,77,38,78,79,76,40,76
15,8,34,15,3,4,5,15,3,4,5,15,3,4,5,3,4,5,3,4,5,3,4,5,3,4,5,3,4,5,3,4,5,3,4,5,3,4,5,3,4,5,3,4,5,3,4,5,3,4,5,3,4,5,3,4,5,6,7,8,50
8,34,15,76,78,77,38,79,76,40,76,8,50,15,8,34,15,76,79,38,77,78,76,40,76,8,50
29,30,29,68,29,15,85,77,78,38,85,79,40,85,77,38,79,78,40,85,77,79,38,78,40,85,15,85,38,77,78,85,79,40,85,35,38,36,37,39,35,40,41,35,15,68,68,15
15,35,37,39,36,38,35,40,41,35
35,8,35,34,35,37,36,39,38,35,40,41,35,38,36,39,37,40,35,41,35,38,37,39,36,40,35,41,35,76,78,38,79,77,40,76
15,70
3,4,5,6,15,92,92,15,92,15,6,7,8,7,34,76,78,38,79,77,76,40,76,93,15,93
76,8,76,34,76,78,38,77,79,40,76,76,79,38,78,77,40,76
50,86,86,86,85,86,85,8,85,34,85,77,78,85,38,86,79,86,40,85,86,86,85,86,85,79,77,78,38,40,8,85,86,86,86,86,86,86
72,15,72,72,15,72,72,15,72,15,72,15,72,15
86,85,86,85,78,38,77,79,40,85,35,38,36,37,39,40,41,35,85,38,79,77,78,40,85,80,81,80,86,85,86,85,79,78,38,77,40,85,35,38,37,36,39,40,41,35
68,76,8,76,34,76,78,38,77,79,40,76,80,81,82,80,76,38,79,78,77,40,76,8,50,32,33,30,76,8,68,30,32,33,30
76,8,76,34,76,80,81,80,82,82,82,82
35,8,35,34,35,36,39,37,35,38,40,41,35
15,51,51,3,4,5,3,4,5,6,76,8,76,34,76,77,78,38,76,79,40,76,8,50,6,7,8,7,34
29,30,29,15
15,8,34,35,36,37,38,35,39,35,40,41,35,8,50,15,68,68,15,8,34,35,37,36,38,35,39,35,40,41,35,68,68,15,51
85,77,79,38,78,40,85,86,85,77,79,85,78,38,40,85,77,79,78,38,40,85,77,85,38,79,78,40,85,86,15
29,30
8,35,34,35,37,39,36,35,38,35,40,35,41,35,83,77,78,83,84,83,8,50,8,35,34,35,37,38,39,36,35,40,35,41,35,83,84,78,77,83,35,37,39,36,35,38,40,35,41,35,8,50,8,35,34,35,37,39,38,36,35,40,35,41,35,8,50,8,35,37,39,36,35,38,35,40,35,41,35,83,84,78,77,83,8,50,8,35,34,35,37,38,39,36,35,40,35,41,35,83,84,78,77,83,8,50,8,35,34,37,39,36,35,38,35,40,35,41,35,83,84,78,77,83,8,50,8,50,8,76,34,76,38,79,78,77,40,76,8,50,8,35,34,35,37,39,36,35,38,35,40,35,41,35,83,78,77,83,84,83,8,35,34,35,38,39,37,35,36,35,40,41,35,83,84,77,78,83,8,50,3,4,5,8,34,35,37,38,39,36,35,40,35,41,35,35,36,39,37,38,40,35,41,35,8,50,35,8,3,4,5,6,8,35,34,35,37,39,38,36,35,40,35,41,35,8,50,6,8,6
29,30
76,8,76,8
76,8,76,34,76,79,78,77,38,40,76
76,40,76,80,81,80,8,50
3,4,5,3,4,5,6
6,3,4,5,6,15
15,68,6,8,8,8,8,6,8,34,6,80,81,80,82,80,6,15,6,3,4,5,3,4,5,6
15,3,4,5,15,3,4,5,15,68,3,4,5,68,3,4,5,68,15,6,15
8,34,15,76,78,77,38,79,76,40,76,80,81,80,82,83,78,77,83,84,83,8,50
76,38,77,78,79,40,76,38,77,79,78,40,76,76,8,76,34,76,38,77,78,79,40,76,80,81,35,38,37,39,36,40,41,35,80,81,83,77,78,84,83,84,78,77,83,84,77,78,83
15,8,34,15,35,38,37,39,36,40,41,35,15
8,34,15,80,81,35,37,39,36,38,40,41,35,76,38,77,78,40,79,76,8,50
29,30,15,3,4,5,3,4,5,3,4,5,3,4,5,8,34,6,8,50
35,8,35,38,36,37,39,35,40,41,35,83,78,83,77,84,83
86,85,86,85,38,78,79,77,40,85,86,85,86
15,8,15,76,77,38,78,40,79,83,77,83,78,84,83,68,8,50
29,30,31
76,8,76,78,38,40,76,3,4,5,6,7,7,34,6,15,6,7,15,6,3,4,5,6,7,15,76,78,79,77,38,40,76,76,38,77,79,78,40,6,3,4,5,3,4,5,3,4,5,6,7,15,6,7,7,15
86,85,78,38,77,79,40,85,86,85,86,85,78,38,77,79,40,85,86
76,8,35,8
15,70,74,70,15,70,15,70,15
15,6,3,4,5,6,7,8,6,3,4,5,6,7,8,9,10,11,12,7,34,35,36,39,37,38,40,41,35,80,81,83,78,84,83,77,83
15,85,78,77,38,79,40,85,83,77,78,84,83,84,83,83,84,78,77,83,15,70,15,70,15,85,38,79,78,77,40,85
3,4,5
15,8,34,15,76,78,77,79,76,38,40,76,8,50,15,8,15,76,78,76,79,77,38,40,76,8,50,8,34,68,68,8,50,15,68,15,68
3,4,5,3,4,5,5,6,3,4,5,6,7,8,8,13,8,8,8,6
34,6,35,38,37,36,39,40,41,35,80,81,15,3,4,5,6,7,6
15,8,34,15,76,38,78,77,79,40,76
6,86,85,8,85,34,85,77,38,78,79,40,85,35,38,37,39,36,40,41,35,85,38,77,79,78,40,85,8
35,8
15,85,78,79,77,38,40,85,15,85,79,78,77,38,40,85,35,85,35,38,36,37,39,40,41,35,85,79,77,38,78,40,85,15,85,78,79,77,38,40,85,35,38,36,39,37,40,35,41,35,36,38,39,37,40,41,35,85,79,38,77,78,40,85,15,85,79,77,78,38,40,85,85,85,85,85,38,79,78,77,40,85,15,85,79,78,77,38,40,85,35,38,37,39,35,36,40,41,35,85,77,79,38,78,40,85,15
29,30
86,85,78,38,77,79,40,85,35,38,36,37,39,40,41,35
92,15,92,92,15,92
29,30
68,68,68,68,68,68,15
8,6,34,68,3,4,5,6,7,6,8,50,76,8,76,38,77,78,79,40,68,3,4,5,6,7,6,8,50
15,85,8,85,34,85,38,77,85,79,78,40,85,68,85,38,77,79,40,78,85,8
29,30
15,85,78,79,77,38,40,85,85,85
15,8,34,15,76,77,38,78,79,40,76,8,50
8,7,34,6,3,4,5,6,15,3,4,5,3,4,5,15,6
15,68
15,6,76,8,76,34,76,38,77,78,79,40,76
15,35,8,15
29,30
15,8,34,15,76,78,77,38,79,40,83,77,83,78,84,83
15,35,8,35,34,35,38,35,36,39,37,40,41,35,80,81,83,78,77,83,84,83,80,81,80,35,38,37,39,35,36,35,40,41,35,80,81,80,83,84,83,78,83,77,80,81,80,83,84,77,83,78,83,8,50
50,85,50,8,85,8,15,85,8,85,38,79,78,77,85,40,85,8,85,38,77,79,78,40,85,8,15
8,76,34,76,78,77,79,76,38,76,40,76,15,8,76,34,76,79,78,77,76,38,76,40,76,8,76,34,76,79,78,77,76,38,76,40,76,8,76,34,76,78,77,79,76,38,76,40,76,8,76,79,78,77,76,38,76,40,76,8,76,34,76,79,78,77,76,38,76,40,76,8,76,34,76,79,78,38,77,76,40,76,8,76,34,76,79,38,78,77,76,40,76
15,85,78,38,77,79,40,85,15,68,85,38,78,77,79,40,85,85,79,38,78,77,85,40,85
15,70,15,70
15,72,15,72
15,22,22,22,22,22,22,15,22,22,22,22,15,22
92,15,92
15,70,15,51
86,85,86,85,78,77,38,79,40,85,35,38,36,39,37,40,41,35,85,35,85,79,77,38,78,40,85,80,81,80,85,80,85,79,38,77,78,40,85,85,77,79,38,78,40,85,85,38,77,79,78,40,85,85,38,77,79,40,85,78,85,77,79,38,78,40,85,85,77,38,79,78,40,85,83,78,77,84,83,86,86,86,85,78,38,77,79,40,85
8,76,34,76,38,78,77,79,76,40
15,8,34,15,35,39,37,38,36,35,40,41,35,80,81,80,76,38,78,77,40,79,76,8,50
15,35,8,35,34,35,38,39,37,35,36,40,41,35,80,81,82,80,76,38,79,78,77,40,76,76,79,38,78,77,40,76,8,50
35,8,35,8
15,6
15,85,38,78,79,77,40,85,15
29,30,32,33
29,30,32,33,32,33,30,32,30,32,30,33,32,33
29,30,29,31,29,15,3,4,5,6,85,78,77,38,79,40,85,6,7,6
29,30,29
15,92,15,92,15
15,76,38,77,78,79,40,76,15
15,3,4,5,6,15,6,7,8
15,8,34,15,35,36,37,39,38,35,40,41,35,8,50
15,8,15,76,78,77,38,79,40,76,6,3,4,5,68,3,4,5,6,8,50,15,68,68,15,68,68,68,3,4,5,68,8,68,34,68,76,38,77,78,79,40,76,8,50
29,30,31,3,4,5
86,85,78,85,38,77,79,40,85,68,85,38,79,77,78,40,85,86,85,79,38,78,77,40,83,77,78,84,83,85,79,38,77,78,40,35,38,37,39,36,40,41,35
15,8,50
68,15,3,4,5,6,7,8,7,34,6,7,8,50,7,8,15
29,30
29,30
29,30
15,8,34,15,80,81,80,83,77,78,84,83,83,84,77,78,80,81,80,15,8,15,70,15,70,70
15,85,38,77,78,79,40,76,35,38,36,37,39,40,41,35,76,85,77,78,38,85,79,85,40,85
15,6,15,3,4,5
8,34,15,80,81,80,82,83,77,83,78,83,84,83,82
6,68
15,68
86,85,38,77,79,78,40,85,83,84,83,77,78,83,85,86,85,6,3,4,5,5,6,7,68,68,6,86,6,7,6,86,86
15,68,68,15,85,78,38,40,35,38,37,36,39,40,35,41,35,85,78,38,40,35,38,36,39,37,40,35,41,35
29,30,31,72,15,72
35,8,35,34,35,37,39,36,38,40,41,35,8,50,35,8,8,35,8,35,34,35,37,38,39,36,40,41,35,8,50,35,8,35,8,35,34,35,37,38,39,36,40,41,35,8,50,35,8,35,34,35,37,38,39,36,40,35,41,35,8,50
15,35,8,35,34,35,38,39,37,36,40,41,35,6,7,15,6,15,6,76,8,76,34,76,78,79,77,38,40,76,35,38,39,37,36,40,41,35,6,35,38,39,37,36,40,41,35,6,7,15,3,4,5,6,7,15,3,4,5,6,3,4,5,6,15,68,3,4,5,6,3,4,5,6
29,30
3,4,5,3,4,5,6,7,8
29,30,15
15,6,15
15,76,8,76,77,78,79,38,40,76
35,38,37,39,36,40,35,41,35,76,38,77,78,79,40,76,85,77,38,79,78,40,85,3,4,5,6,7,6,85,79,78,77,38,40,85,38,77,79,78,40,85
8,76,34,76,38,78,77,79,76,40,76,15,3,4,5
76,8,76,34,76,78,77,76,38,79,40,76,83,77,78,83,84,83,8,50,15,76,8,76,34,76,78,77,38,79,40,76,83,77,78,83,84,83,8,50
29,30
15,8,34,15,76,78,38,77,79,76,40,76,15,60,15,60
29,30
8,15
86,86,86,86,15
29,30,29
86,68,86,68,68,86,86,86,86,86,86,86,68,86,86,86,86,86,86,68,86,86,86
15,85,77,78,38,79,40,85,85,38,79,77,78,40,85,15,85,77,78,38,79,40,85,77,78,79,85,38,40,85,15,85,79,85,77,78,38,40,85
15,35,37,36,38,35,39,40,35,41,35,92,15,92,15
3,4,5,15
15,8,15,35,38,35,36,37,39,40,41,35,76,38,77,40,78,79,76,83,77,83,78,84,83,8,50,8,76,34,76,38,77,78,40,79,76,83,77,78,84,83
86,85,86,85,8,86
29,30,32,33,72,15,72,15
15,85,77,78,79,38,40,35,38,39,37,36,40,41,35,85,38,79,78,77,40,80,81,80,85,77,85,38,78,79,40,85,83,77,84,78,83,85,77,38,79,78,40,85,15,85,77,38,79,78,40,35,38,39,36,37,40,35,41,35,85,78,80,81,82,80,82,80,85,79,38,78,77,40,85,85,38,77,79,78,40,85,77,38,79,78,40,85,15,3,4,5
86,85,77,38,78,79,40,35,38,37,36,39,40,41,35
15,85,77,38,78,79,40,85,35,38,37,36,39,40,41,35
35,8,35,34,35,37,36,35,39,38,35,40,41,35
15,85,78,79,77,38,40,85,83,77,83,84,78,83,85,15
92,15,92,15,3,4,5,92
18,15
72,15,72,15
8,34,78,84,77,8,50,8,34,84,77,78,8,50
6,3,4,5,3,4,5,15,6,7,8,7,6,34,6,7,8,50
8,34,15,68,76,79,77,78,76,38,76,40,76,83,84,83,77,78,83,8,50,15,8,34,15,68,76,38,79,78,76,77,76,40,76,8,50
76,8,76,34,76,77,38,78,79,40,76,80,81,82,76,77,38,79,78,40,83,77,78,84,83,82,83,76,38,79,77,78,40,76,35,38,39,36,37,40,41,35,76,77,38,79,78,40,76,80,81,82,76,79,38,78,77,40,76,76,77,79,38,78,40,76,76,80,76,80,81,76,35,76,35,76,35,39,38,37,36,40,35,41,76,35,83,84,77,78,76,79,77,38,78,40,80,76,80,81,76,79,77,38,78,8,40,15
29,30
29,30,32,33,32,33,32
15,8,15,76,77,38,78,79,40,76,15
29,30
86,85,86,85,78,79,77,38,40,85,35,38,36,37,39,40,41,35,85,79,77,38,78,86,85,40
86,85,86,85,78,38,77,79,40,85,86,85,86,85,79,78,38,77,40,85,86
29,30
86,86,86,86
29,30
6,68,3,4,5,68
15,85,78,79,77,38,40,85,85,38,79,77,40,78,85,15
15,3,4,5,6,8,34,6,7
92,15,92,8,92,34,92,15,92,68,76,77,38,78,76,79,40,76,83,77,83,78,83,84,83,35,38,35,36,39,37,35,40,41,35,80,81,82,68,68,15,92,15,92,68
72,15,72,72,15
29,30
86,3,4,5,6,7,6,8,6,8,6,3,4,5,5,86,85,8,85,86,85,8,9,85,9,85,38,78,85,40,86,85,86,85,86,86,3,4,5,6,7,6,8,8,8,86,86,86,86,6,8,8,86,8,86,8,86
3,4,5
70,15,70
86,85,86,85,38,78,77,79,40,85,86,85,86,85,78,77,38,79,40,85,86
6,68
15,85,38,77,78,79,40,85,85,38,79,78,77,40,85,38,77,78,79,40,35,38,39,37,36,40,41,35,15
3,4
35,38,37,39,36,35,40,41,35,38,39,35,36,37,40,41,35,38,39,37,35,36,40,41,35,76,38,78,77,40,79,76,83,83,77,78,83,84,83,76,79,77,38,78,40,76,79,38,78,77,40,76,78,79,77,38,76,40,76,83,77,83,78,84,83,76,79,77,38,78,40,35,38,37,39,36,40,35,41,35
93,15,93,15
83,8
15,8,34,15,35,37,39,35,36,35,38,35,40,41,35,8,50,15
76,8,76,34,76,77,78,79,76,38,40,76,76,38,77,79,78,40,76,3,4,5,3,4,5,3,4,5,6,8,50
15,8,34,15,76,78,79,38,77,40,76,83,77,78,83,84,83,77,78,84,83,8,15
15,6,3,4,5
15,3,4,5,3,4,5,3,4,5,3,4,5,8,34,6,3,4,5,6,76,78,38,77,76,79,40,76,6,76,38,77,76,79,40,78,76,6,76,79,38,78,77,76,40,76,68,68,68,68,68,68,68,8,50
8,76,34,76,38,77,78,79,40,76,8,15,8,50
72,15,72,72,15,72
8,34,80,81,80,82,35,37,36,39,35,38,35,40,41,35,15
15,85,38,77,78,79,40,85
8,9,8,34,6,7
35,39,38,37,36,35,40,41,35,39,37,38,36,35,40,35,41,35,36,38,39,37,35,40,41,35,82
50,8,76,38,78,77,79,40,76,8,50
15,76,8,76,34,76,78,38,77,79,40,76,76,79,77,38,78,40,83,77,83,78,84,83,15
15,35,38,36,39,37,40,35,41,35